procs -----------memory---------- ---swap-- -----io---- -system-- ------cpu-----
 r  b   swpd   free   buff  cache   si   so    bi    bo   in   cs us sy id wa st
 0  0      0 168356 108764 1727236    0    0  1139   236  724 1191 25 10 65  1  0
 1  0      0 161276 108764 1724052    0    0     0     0  668 1491  4  3 93  0  0
 2  0      0 150944 108764 1724052    0    0     0     0  699 1507  5  3 93  0  0
 1  0      0 141872 108764 1724052    0    0     0     0  720 1533  5  3 92  0  0
 0  0      0 131792 108772 1724052    0    0     0    32  676 1487  3  3 94  0  0
 0  0      0 119444 108772 1729432    0    0     0     0  903 1999  8  5 88  0  0
 1  0      0 109112 108772 1729432    0    0     0    28  720 1576  5  3 92  0  0

